3 2
1 0 0 0 1 0 0 0 1
2 0 0 0 1 0 0 0 3
1 1 1 2 2 2 3 3 3
0 1 0 1 0 0 0 0 1

4 2
30 24 18 84 69 54 138 114 90 
1 0 0 0 1 0 0 0 1
1 2 3 4 5 6 7 8 9
9 8 7 6 5 4 3 2 1
2 0 1 1 2 0 0 1 2

4 3
1 0 0 0 1 0 0 0 1
5 0 0 0 5 0 0 0 5
1 0 0 0 1 0 0 0 1
4003 0 0 0 4003 0 0 0 4003
1 0 0 0 1 0 0 0 1

4 2
30 24 18 84 69 54 138 114 90
1 2 3 4 5 6 7 8 9
1 0 0 0 1 0 0 0 1
9 8 7 6 5 4 3 2 1
2 0 1 1 2 0 0 1 2

4 1
1 2 3 4 5 6 7 8 9
1 1 1 1 1 1 1 1 1
5 5 5 5 5 5 5 5 5
9 8 7 6 5 4 3 2 1 
1 2 3 4 5 6 7 8 9

3 3
0 0 0 0 0 0 0 0 0
1 0 0 0 1 0 0 0 1
1 2 3 4 5 6 7 8 9
9 8 7 6 5 4 3 2 1

3 1
0 0 0 0 0 0 0 0 0
1 0 0 0 1 0 0 0 1
1 2 3 4 5 6 7 8 9
9 8 7 6 5 4 3 2 1

3 2
0 0 0 0 0 0 0 0 0
1 0 0 0 1 0 0 0 1
9 8 7 6 5 4 3 2 1
0 0 0 0 0 0 0 0 0

3 3
0 0 0 0 0 0 0 0 0
1 0 0 0 1 0 0 0 1
9 8 7 6 5 4 3 2 1
0 0 0 0 0 0 0 0 0

1 1
1 0 0 0 1 0 0 0 1
0 1 0 1 0 0 0 0 1

1 1
0 1 0 1 0 0 0 0 1
0 1 0 1 0 0 0 0 1
